5 0.000000 0.370467 0.370467 0.000000 0.702967 0.702967 0.000000 1.002967 1.002967 0.000000 0.900467 0.900467 0.218143 -0.318359 0.225000 0.225000 
0 94.930420 144.923949 -16.001632 0.625035 -0.253246 -0.475965 -0.564496 
5 0.000000 0.275467 0.355467 0.000000 0.645467 0.645467 0.000000 1.072967 1.072967 0.000000 0.977967 0.977967 0.218143 -0.318359 0.150000 0.960000 
0 87.149383 146.531053 -25.415260 0.627138 -0.308706 -0.393696 -0.596994 
5 0.000000 0.510467 1.480467 0.000000 0.890467 0.890467 0.000000 0.730467 0.730467 0.000000 0.570467 0.570467 0.067104 -0.863539 0.705000 0.705000 
0 81.885754 109.370833 -15.529255 0.600217 -0.443937 -0.458800 -0.481832 
5 0.000000 -0.174533 -0.174533 0.000000 -0.174533 -0.174533 0.000000 -0.174533 -0.174533 0.000000 -0.174533 -0.174533 0.000000 -0.562986 0.000000 0.000000 
0 77.293788 121.932910 -31.760937 0.606014 -0.495239 -0.311053 -0.539195 
5 0.000000 -0.174533 -0.174533 0.000000 -0.174533 -0.174533 0.000000 -0.174533 -0.174533 0.000000 -0.174533 -0.174533 0.340737 -0.583001 0.000000 0.000000 
0 96.947350 110.801504 -0.354676 0.403752 -0.345125 -0.631735 -0.564610 
5 0.000000 -0.174533 -0.174533 0.000000 -0.174533 -0.174533 0.000000 -0.174533 -0.174533 0.000000 -0.174533 -0.174533 0.000000 -0.774637 0.000000 0.000000 
0 89.442450 151.335630 -32.444799 0.682789 -0.365811 -0.381450 -0.504457 
5 0.000000 0.251717 0.251717 0.000000 0.569217 0.569217 0.000000 0.939217 0.939217 0.000000 0.809217 0.809217 0.000000 -0.774637 0.428750 0.428750 
0 90.838349 147.841370 -27.470563 0.682789 -0.365811 -0.381450 -0.504457 
